pos/LINE_ALBUM_Dataset_250613_103.jpg 1 319 1224 150 98
pos/LINE_ALBUM_Dataset_250613_104.jpg 2 257 1267 310 227 177 1227 255 135
pos/LINE_ALBUM_Dataset_250613_105.jpg 5 687 1347 207 120 444 1324 155 113 377 1339 105 80 1142 1342 147 162 1192 1357 415 177
pos/LINE_ALBUM_Dataset_250613_115.jpg 2 217 1454 452 223 1587 1447 180 105
pos/LINE_ALBUM_Dataset_250613_117.jpg 2 1167 1124 177 143 1024 1129 85 80
pos/LINE_ALBUM_Dataset_250613_118.jpg 6 102 1252 697 260 674 1224 343 205 989 1237 135 150 1034 1249 165 123 1174 1254 170 110 1219 1234 158 90
pos/LINE_ALBUM_Dataset_250613_119.jpg 4 492 1304 370 230 842 1302 445 177 1344 1332 333 142 1609 1347 153 130
pos/LINE_ALBUM_Dataset_250613_120.jpg 4 472 1349 385 193 799 1337 483 180 1327 1367 330 140 1542 1377 207 122
pos/LINE_ALBUM_Dataset_250613_122.jpg 6 169 1289 435 248 99 1344 78 95 639 1347 270 95 887 1309 157 93 939 1352 518 207 1364 1357 285 130
pos/LINE_ALBUM_Dataset_250613_130.jpg 3 1399 1037 255 205 1189 1029 265 203 742 1057 195 150
pos/LINE_ALBUM_Dataset_250613_139.jpg 3 817 877 355 412 1232 1034 147 135 1344 1032 75 77
pos/LINE_ALBUM_Dataset_250613_140.jpg 3 777 1502 180 140 1082 1459 112 158 1189 1499 43 93
pos/LINE_ALBUM_Dataset_250613_141.jpg 2 427 1332 540 405 1094 1244 598 438
pos/LINE_ALBUM_Dataset_250613_142.jpg 3 34 1214 713 458 1347 1202 165 202 1244 1252 100 92
pos/LINE_ALBUM_Dataset_250613_143.jpg 3 77 1217 677 457 1267 1227 100 85 1422 1222 102 137
pos/LINE_ALBUM_Dataset_250613_145.jpg 1 14 992 1378 707
pos/LINE_ALBUM_Dataset_250613_147.jpg 2 797 1094 160 90 1069 1114 705 413
pos/LINE_ALBUM_Dataset_250613_148.jpg 2 414 1014 615 323 834 1054 138 80
pos/LINE_ALBUM_Dataset_250613_149.jpg 2 267 984 292 193 859 1012 165 85
pos/LINE_ALBUM_Dataset_250613_151.jpg 1 1007 1362 627 300
pos/LINE_ALBUM_Dataset_250613_152.jpg 1 1262 1339 512 510
pos/LINE_ALBUM_Dataset_250613_157.jpg 4 82 1402 265 202 932 1367 407 155 832 1362 142 157 762 1389 90 138
pos/LINE_ALBUM_Dataset_250613_158.jpg 6 222 1247 92 90 92 1254 65 53 1 1234 63 110 684 1212 343 132 602 1214 110 135 534 1222 83 137
pos/LINE_ALBUM_Dataset_250613_159.jpg 1 1 1209 891 450
pos/LINE_ALBUM_Dataset_250613_160.jpg 4 824 1022 925 375 339 1067 345 145 252 1077 97 127 179 1074 83 128
pos/LINE_ALBUM_Dataset_250613_161.jpg 4 1509 1029 265 278 272 1067 350 147 179 1074 98 138 97 1079 87 130
pos/LINE_ALBUM_Dataset_250613_162.jpg 2 62 1184 1360 528 1412 1402 117 222
pos/LINE_ALBUM_Dataset_250613_163.jpg 3 922 1322 700 255 762 1319 207 290 637 1342 137 270
pos/LINE_ALBUM_Dataset_250613_164.jpg 6 1 1129 411 768 412 1169 107 98 267 1144 160 175 1189 1137 495 182 1104 1137 118 187 1019 1159 90 168
pos/LINE_ALBUM_Dataset_250613_165.jpg 5 104 1307 688 315 717 1327 482 262 894 1309 553 270 1242 1307 437 272 1684 1407 90 182
pos/LINE_ALBUM_Dataset_250613_166.jpg 6 4 1407 300 195 279 1437 320 180 484 1434 318 175 717 1437 302 172 1117 1502 245 135 1362 1384 412 318
pos/LINE_ALBUM_Dataset_250613_167.jpg 6 37 1307 280 160 319 1314 258 150 504 1322 240 137 712 1324 220 125 1032 1357 107 117 1142 1247 632 247
pos/LINE_ALBUM_Dataset_250613_168.jpg 4 117 1332 207 137 314 1332 200 127 502 1254 580 243 1217 1322 492 147
pos/LINE_ALBUM_Dataset_250613_169.jpg 5 14 1344 103 135 97 1337 210 142 304 1329 200 150 449 1269 600 238 1204 1319 488 160
pos/LINE_ALBUM_Dataset_250613_174.jpg 14 707 1177 1000 697 738 1160 170 127 338 1163 96 83 424 1154 45 68 547 1177 160 83 531 1186 58 52 521 1181 20 43 512 1175 8 44 504 1176 4 32 492 1173 8 40 482 1173 10 37 457 1172 25 32 275 1166 33 23 319 1172 33 23
pos/LINE_ALBUM_Dataset_250613_175.jpg 12 449 1114 410 298 1025 1166 727 607 1569 1164 134 71 1422 1165 159 45 1297 1142 158 36 1112 1156 129 71 1100 1158 47 60 976 1161 62 50 1044 1155 36 28 972 1151 17 20 945 1154 21 19 905 1149 20 22
pos/LINE_ALBUM_Dataset_250613_176.jpg 9 1 1172 623 685 1037 1247 737 620 1437 1227 210 140 1587 1234 187 105 991 1232 73 51 1145 1234 133 59 1128 1231 51 68 1082 1230 24 27 1047 1229 24 25
pos/LINE_ALBUM_Dataset_250613_177.jpg 12 834 1274 648 538 762 1237 112 85 1287 1222 202 147 1439 1212 213 97 1732 1237 42 115 1054 1230 104 34 1025 1234 42 31 1013 1226 28 36 937 1234 30 23 921 1231 17 27 903 1233 16 24 882 1234 20 22
pos/LINE_ALBUM_Dataset_250613_178.jpg 13 149 1187 490 290 737 1209 650 548 1252 1174 230 145 1444 1177 155 87 1744 1202 30 102 951 1168 36 22 936 1169 18 18 918 1164 19 27 902 1166 18 25 854 1164 37 20 1056 1170 110 26 1033 1171 42 26 1037 1166 40 9
pos/LINE_ALBUM_Dataset_250613_179.jpg 15 652 1154 630 570 2 1284 182 338 1633 1149 141 109 1175 1145 201 148 1340 1139 173 107 1146 1138 127 80 867 1140 37 24 853 1138 27 20 913 1139 27 26 835 1137 17 24 976 1143 103 25 953 1141 45 24 804 1135 8 19 784 1138 11 20 765 1137 10 18
pos/LINE_ALBUM_Dataset_250613_180.jpg 2 357 1179 310 268 997 1172 645 357
pos/LINE_ALBUM_Dataset_250613_181.jpg 2 472 1109 287 238 827 1109 220 153
pos/LINE_ALBUM_Dataset_250613_184.jpg 15 1317 799 457 1360 1209 1044 148 490 1235 990 67 169 1200 983 59 173 1156 973 59 160 1028 998 152 127 873 996 136 99 835 990 103 90 786 988 87 91 738 998 75 70 698 998 58 64 655 985 58 71 624 1001 34 47 607 993 47 50 585 992 33 48
pos/LINE_ALBUM_Dataset_250613_185.jpg 14 692 1244 192 150 1339 1247 435 267 1130 1261 275 174 997 1249 209 139 922 1245 134 119 864 1254 105 91 681 1266 53 53 535 1268 90 63 607 1265 41 47 508 1268 36 44 79 1263 66 32 452 1265 36 37 424 1273 37 29 405 1269 23 35
pos/LINE_ALBUM_Dataset_250613_186.jpg 8 419 1297 495 340 924 1299 210 183 1174 1289 143 130 847 1294 115 135 1 1279 316 333 212 1282 190 290 414 1284 105 135 324 1274 120 168
pos/LINE_ALBUM_Dataset_250613_187.jpg 8 1 1212 383 360 284 1217 205 280 317 1202 220 182 497 1224 130 190 897 1252 262 200 1162 1259 145 123 1297 1242 102 85 867 1242 90 122
pos/LINE_ALBUM_Dataset_250613_188.jpg 10 122 1199 507 318 24 1184 205 175 527 1192 210 265 544 1179 228 180 717 1199 150 168 1112 1212 180 117 1247 1202 107 100 1362 1227 162 117 1472 1229 97 70 1527 1212 85 52
pos/LINE_ALBUM_Dataset_250613_189.jpg 7 4 1132 208 190 242 1132 470 335 529 1119 253 288 694 1132 148 162 1089 1157 185 147 1289 1129 220 200 1579 1159 180 163
pos/LINE_ALBUM_Dataset_250613_190.jpg 8 1 1064 353 383 617 1109 92 78 724 1119 130 105 1057 1118 115 91 836 1120 51 75 856 1110 61 53 990 1116 64 44 1047 1111 30 38
pos/LINE_ALBUM_Dataset_250613_191.jpg 8 2 1082 345 360 627 1124 87 55 732 1129 142 95 839 1124 57 75 857 1115 62 64 997 1128 59 45 1036 1130 144 105 1134 1124 42 32
pos/LINE_ALBUM_Dataset_250613_192.jpg 1 1 924 1133 668
pos/LINE_ALBUM_Dataset_250613_193.jpg 2 4 822 150 470 29 837 1388 657
pos/LINE_ALBUM_Dataset_250613_194.jpg 2 1 952 161 580 64 832 1378 690
pos/LINE_ALBUM_Dataset_250613_195.jpg 2 1 877 1303 497 1 672 1773 1680
pos/LINE_ALBUM_Dataset_250613_196.jpg 1 1 829 1313 700
pos/LINE_ALBUM_Dataset_250613_197.jpg 1 1 709 1028 735
pos/LINE_ALBUM_Dataset_250613_198.jpg 1 1 772 1116 820
pos/LINE_ALBUM_Dataset_250613_199.jpg 1 1 799 986 868
pos/LINE_ALBUM_Dataset_250613_200.jpg 1 1 822 1108 865
pos/LINE_ALBUM_Dataset_250613_201.jpg 1 1 729 1438 850
pos/LINE_ALBUM_Dataset_250613_202.jpg 1 7 852 1325 797
pos/LINE_ALBUM_Dataset_250613_203.jpg 1 9 882 1518 842
pos/LINE_ALBUM_Dataset_250613_204.jpg 1 7 914 1545 793
pos/LINE_ALBUM_Dataset_250613_205.jpg 1 52 937 1582 677
pos/LINE_ALBUM_Dataset_250613_206.jpg 1 309 952 1425 645
pos/LINE_ALBUM_Dataset_250613_207.jpg 2 2 812 997 742 959 819 815 468
pos/LINE_ALBUM_Dataset_250613_208.jpg 2 1 834 1188 688 1137 852 637 427
pos/LINE_ALBUM_Dataset_250613_209.jpg 3 1682 797 92 265 1154 784 573 355 9 754 1220 620
pos/LINE_ALBUM_Dataset_250613_210.jpg 3 139 772 1140 557 1214 774 503 360 1674 799 100 280
pos/LINE_ALBUM_Dataset_250613_211.jpg 3 387 859 975 470 1299 864 415 315 1669 879 105 255
pos/LINE_ALBUM_Dataset_250613_212.jpg 4 527 912 1180 657 457 872 702 402 1512 902 240 222 1734 917 40 160
pos/LINE_ALBUM_Dataset_250613_213.jpg 3 1217 922 557 402 479 894 745 403 1147 904 297 193
pos/LINE_ALBUM_Dataset_250613_214.jpg 4 579 904 738 383 1579 912 195 285 1212 887 325 280 1494 899 185 208
pos/LINE_ALBUM_Dataset_250613_215.jpg 3 772 867 665 367 1359 882 310 255 1634 889 140 203
pos/LINE_ALBUM_Dataset_250613_216.jpg 3 2 934 310 610 987 877 617 337 1512 874 262 243
pos/LINE_ALBUM_Dataset_250613_217.jpg 3 1 884 553 600 1079 829 565 330 1562 837 212 227
pos/LINE_ALBUM_Dataset_250613_218.jpg 4 7 964 610 548 1004 904 518 320 1437 917 245 230 1644 922 130 190
pos/LINE_ALBUM_Dataset_250613_219.jpg 4 2 1034 842 573 1154 992 478 287 1544 1009 230 215 1717 1002 57 175
pos/LINE_ALBUM_Dataset_250613_220.jpg 3 99 879 995 498 1334 892 440 265 1702 882 72 222
pos/LINE_ALBUM_Dataset_250613_221.jpg 2 342 944 910 490 1444 954 330 273
pos/LINE_ALBUM_Dataset_250613_222.jpg 1 467 660 1015 805
pos/LINE_ALBUM_Dataset_250613_223.jpg 1 604 714 955 880
pos/LINE_ALBUM_Dataset_250613_224.jpg 1 564 722 1210 890
pos/LINE_ALBUM_Dataset_250613_225.jpg 1 342 797 1362 852
pos/LINE_ALBUM_Dataset_250613_226.jpg 1 162 849 1465 763
pos/LINE_ALBUM_Dataset_250613_227.jpg 1 114 932 1425 690
pos/LINE_ALBUM_Dataset_250613_228.jpg 1 72 964 1405 685
pos/LINE_ALBUM_Dataset_250613_229.jpg 1 1 652 1218 805
pos/LINE_ALBUM_Dataset_250613_230.jpg 2 9 704 1173 618 1539 762 235 270
pos/LINE_ALBUM_Dataset_250613_231.jpg 4 112 744 927 580 7 994 187 448 1234 854 388 260 1589 864 185 188
pos/LINE_ALBUM_Dataset_250613_232.jpg 12 1 959 246 505 109 832 665 480 824 924 318 220 1107 932 170 147 1262 924 137 128 1372 925 65 96 1413 937 66 79 1442 932 58 73 1525 928 101 64 1615 923 70 63 1678 929 50 53 1723 923 51 62
pos/LINE_ALBUM_Dataset_250613_233.jpg 3 1 972 318 705 277 944 1230 558 1337 862 437 457
pos/LINE_ALBUM_Dataset_250613_234.jpg 2 7 562 1470 922 1439 742 335 460
pos/LINE_ALBUM_Dataset_250613_235.jpg 2 1 904 481 605 687 559 1087 718
pos/LINE_ALBUM_Dataset_250613_236.jpg 2 4 674 1050 745 1057 617 717 607
pos/LINE_ALBUM_Dataset_250613_237.jpg 2 1 672 1421 767 1344 629 430 503
pos/LINE_ALBUM_Dataset_250613_238.jpg 3 1 809 233 743 252 817 1282 647 1407 802 367 445
pos/LINE_ALBUM_Dataset_250613_239.jpg 3 12 579 642 795 609 639 1048 568 1534 649 240 365
pos/LINE_ALBUM_Dataset_250613_240.jpg 2 12 744 1097 803 1034 769 740 525
pos/LINE_ALBUM_Dataset_250613_241.jpg 2 9 802 1520 797 1427 859 347 473
pos/LINE_ALBUM_Dataset_250613_242.jpg 5 292 1199 747 400 954 1209 415 283 1279 1169 293 268 1524 1202 210 190 1647 1197 127 162
pos/LINE_ALBUM_Dataset_250613_243.jpg 1 562 1119 310 213
pos/LINE_ALBUM_Dataset_250613_244.jpg 1 669 999 600 438
pos/LINE_ALBUM_Dataset_250613_245.jpg 1 1139 997 635 732
pos/LINE_ALBUM_Dataset_250613_248.jpg 1 369 1212 565 447
pos/LINE_ALBUM_Dataset_250613_249.jpg 1 1134 1159 415 255
pos/LINE_ALBUM_Dataset_250613_250.jpg 12 59 1554 515 208 449 1524 235 140 552 1504 135 105 897 1597 555 375 1092 1532 302 115 1057 1527 365 92 1699 1607 75 85 579 1490 175 115 744 1490 92 93 1494 1527 255 103 1584 1547 190 105 624 1358 482 229
pos/LINE_ALBUM_Dataset_250613_251.jpg 8 2 1304 155 248 204 1497 328 115 128 1483 98 83 799 1603 476 299 553 1478 253 104 700 1505 272 111 860 1506 346 133 1176 1498 476 204
pos/LINE_ALBUM_Dataset_250613_252.jpg 1 324 1377 570 220
pos/LINE_ALBUM_Dataset_250613_254.jpg 1 44 1329 525 378
pos/LINE_ALBUM_Dataset_250613_255.jpg 1 189 1142 290 240
pos/LINE_ALBUM_Dataset_250613_258.jpg 2 267 994 347 223 772 1027 275 245
pos/LINE_ALBUM_Dataset_250613_262.jpg 3 699 1054 503 355 1117 1034 185 233 1662 1182 112 260
pos/LINE_ALBUM_Dataset_250613_263.jpg 3 502 1064 570 330 967 1067 677 420 1587 1069 187 150
pos/LINE_ALBUM_Dataset_250613_264.jpg 3 534 1097 613 322 1569 1097 205 150 1709 1169 65 178
pos/LINE_ALBUM_Dataset_250613_266.jpg 1 54 894 1330 700
pos/LINE_ALBUM_Dataset_250613_267.jpg 1 102 867 1587 797
pos/LINE_ALBUM_Dataset_250613_268.jpg 1 507 954 975 545
pos/LINE_ALBUM_Dataset_250613_269.jpg 1 504 927 1118 717
pos/LINE_ALBUM_Dataset_250613_270.jpg 3 549 979 510 280 1294 1064 138 110 7 844 1020 1133
pos/LINE_ALBUM_Dataset_250613_271.jpg 2 274 929 878 525 1557 1074 217 193
pos/LINE_ALBUM_Dataset_250613_272.jpg 3 359 827 550 377 1082 927 160 155 1049 927 48 72
pos/LINE_ALBUM_Dataset_250613_273.jpg 5 814 987 758 430 272 1027 305 192 172 1019 212 160 82 989 172 180 1 1022 38 87
pos/LINE_ALBUM_Dataset_250613_274.jpg 3 794 954 915 533 1667 944 107 143 404 934 698 370
pos/LINE_ALBUM_Dataset_250613_275.jpg 1 384 937 883 452
pos/LINE_ALBUM_Dataset_250613_276.jpg 1 359 1249 950 503
pos/LINE_ALBUM_Dataset_250613_277.jpg 1 364 857 1088 452
pos/LINE_ALBUM_Dataset_250613_28.jpg 1 718 1220 384 338
pos/LINE_ALBUM_Dataset_250613_29.jpg 1 777 1287 362 270
pos/LINE_ALBUM_Dataset_250613_30.jpg 1 1207 1289 180 133
pos/LINE_ALBUM_Dataset_250613_32.jpg 2 317 1204 320 140 777 1194 207 128
pos/LINE_ALBUM_Dataset_250613_33.jpg 2 474 1177 253 160 694 1169 203 140
pos/LINE_ALBUM_Dataset_250613_34.jpg 2 662 1222 220 177 1 1082 581 230
pos/LINE_ALBUM_Dataset_250613_35.jpg 2 797 1242 220 162 132 1112 722 232
pos/LINE_ALBUM_Dataset_250613_36.jpg 2 824 1242 250 195 274 1097 660 255
pos/LINE_ALBUM_Dataset_250613_37.jpg 2 837 1139 335 208 542 1002 515 242
pos/LINE_ALBUM_Dataset_250613_38.jpg 2 857 1174 337 165 727 1059 325 200
pos/LINE_ALBUM_Dataset_250613_48.jpg 4 564 1387 223 130 499 1377 130 117 269 1347 98 107 364 1299 228 160
pos/LINE_ALBUM_Dataset_250613_49.jpg 2 1 1137 338 365 1102 1154 282 135
pos/LINE_ALBUM_Dataset_250613_50.jpg 2 4 1132 758 390 1277 1152 220 137
pos/LINE_ALBUM_Dataset_250613_51.jpg 2 802 1167 400 245 1434 1192 173 100
pos/LINE_ALBUM_Dataset_250613_52.jpg 1 2 629 1385 1030
pos/LINE_ALBUM_Dataset_250613_53.jpg 1 207 877 1257 625
pos/LINE_ALBUM_Dataset_250613_54.jpg 2 309 922 1008 495 1599 1184 100 70
pos/LINE_ALBUM_Dataset_250613_55.jpg 2 374 979 775 438 1377 1189 92 65
pos/LINE_ALBUM_Dataset_250613_56.jpg 2 494 984 630 353 1319 1189 85 70
pos/LINE_ALBUM_Dataset_250613_57.jpg 2 644 1014 518 345 1299 1174 78 53
pos/LINE_ALBUM_Dataset_250613_58.jpg 2 762 1049 410 300 1279 1187 60 35
pos/LINE_ALBUM_Dataset_250613_59.jpg 1 1107 969 132 103
pos/LINE_ALBUM_Dataset_250613_61.jpg 1 509 1234 495 245
pos/LINE_ALBUM_Dataset_250613_62.jpg 1 699 1249 388 215
pos/LINE_ALBUM_Dataset_250613_64.jpg 1 854 1249 268 150
pos/LINE_ALBUM_Dataset_250613_65.jpg 1 889 1332 215 137
pos/LINE_ALBUM_Dataset_250613_66.jpg 1 222 1124 610 283
pos/LINE_ALBUM_Dataset_250613_67.jpg 1 1 1147 833 355
pos/LINE_ALBUM_Dataset_250613_68.jpg 1 229 1144 778 323
pos/LINE_ALBUM_Dataset_250613_69.jpg 1 504 1137 613 282
pos/LINE_ALBUM_Dataset_250613_70.jpg 1 697 1134 495 255
pos/LINE_ALBUM_Dataset_250613_71.jpg 1 934 1112 375 212
pos/LINE_ALBUM_Dataset_250613_72.jpg 1 1139 1067 258 177
pos/LINE_ALBUM_Dataset_250613_73.jpg 1 1249 1062 153 155
pos/LINE_ALBUM_Dataset_250613_77.jpg 1 464 1329 345 160
pos/LINE_ALBUM_Dataset_250613_78.jpg 1 819 1347 398 212
pos/LINE_ALBUM_Dataset_250613_79.jpg 1 1244 1329 530 295
pos/LINE_ALBUM_Dataset_250613_89.jpg 1 207 1424 812 368
pos/LINE_ALBUM_Dataset_250613_90.jpg 1 657 1407 572 282
pos/LINE_ALBUM_Dataset_250613_91.jpg 1 1207 1377 310 197
pos/LINE_ALBUM_Dataset_250613_92.jpg 1 1337 1347 152 107
pos/LINE_ALBUM_Dataset_250616_1.jpg 1 702 742 917 845
pos/LINE_ALBUM_Dataset_250616_10.jpg 2 489 1159 270 175 819 1157 258 160
pos/LINE_ALBUM_Dataset_250616_11.jpg 2 4 1189 418 570 1312 1239 280 245
pos/LINE_ALBUM_Dataset_250616_12.jpg 2 124 1177 608 392 1307 1214 290 243
pos/LINE_ALBUM_Dataset_250616_13.jpg 3 1 1224 676 453 642 1227 327 257 1309 1229 290 263
pos/LINE_ALBUM_Dataset_250616_14.jpg 3 529 1259 455 308 832 1232 237 230 1294 1257 308 247
pos/LINE_ALBUM_Dataset_250616_15.jpg 3 842 1277 292 217 1277 1259 297 255 962 1257 192 170
pos/LINE_ALBUM_Dataset_250616_16.jpg 2 932 1324 227 198 1252 1324 282 248
pos/LINE_ALBUM_Dataset_250616_17.jpg 2 1034 1097 143 132 1174 1084 278 238
pos/LINE_ALBUM_Dataset_250616_18.jpg 2 1129 1099 103 108 1202 1097 275 237
pos/LINE_ALBUM_Dataset_250616_19.jpg 2 1184 1134 80 108 1212 1132 275 252
pos/LINE_ALBUM_Dataset_250616_2.jpg 6 369 877 1200 840 284 879 330 300 206 898 119 164 179 895 59 110 156 906 30 86 122 885 47 91
pos/LINE_ALBUM_Dataset_250616_20.jpg 1 252 1159 510 330
pos/LINE_ALBUM_Dataset_250616_22.jpg 2 214 1062 1245 570 1309 1059 285 178
pos/LINE_ALBUM_Dataset_250616_23.jpg 2 1 1064 583 418 1314 1057 273 175
pos/LINE_ALBUM_Dataset_250616_24.jpg 2 4 957 1185 582 1099 1009 288 173
pos/LINE_ALBUM_Dataset_250616_27.jpg 1 379 1032 418 235
pos/LINE_ALBUM_Dataset_250616_28.jpg 1 652 1069 430 195
pos/LINE_ALBUM_Dataset_250616_29.jpg 1 557 992 370 155
pos/LINE_ALBUM_Dataset_250616_3.jpg 5 339 844 1278 815 169 834 400 338 99 832 190 212 44 822 185 155 14 822 38 90
pos/LINE_ALBUM_Dataset_250616_30.jpg 3 502 1029 147 120 392 1042 40 55 1392 969 382 410
pos/LINE_ALBUM_Dataset_250616_31.jpg 3 432 1022 167 135 777 997 265 175 337 1029 57 73
pos/LINE_ALBUM_Dataset_250616_4.jpg 4 199 752 1483 935 1147 1442 627 922 52 749 357 320 4 704 225 243
pos/LINE_ALBUM_Dataset_250616_5.jpg 4 302 822 1265 785 122 760 446 372 93 798 78 151 60 803 63 126
pos/LINE_ALBUM_Dataset_250616_6.jpg 3 88 1376 178 128 2 1394 122 142 268 1056 902 590
pos/LINE_ALBUM_Dataset_250616_7.jpg 3 2 1434 167 140 64 1404 193 115 254 1164 738 460
pos/LINE_ALBUM_Dataset_250616_8.jpg 2 1 1442 146 155 192 1239 607 368
pos/LINE_ALBUM_Dataset_250616_9.jpg 3 162 1369 195 135 7 1364 95 78 29 1249 435 195
